lbnetv2
fc1
20 32
0.7780189514160156 0.34009885787963867 0.07694240659475327 0.9507343173027039 0.02271122857928276 -0.2059192657470703 -0.09050194919109344 -0.11763700097799301 0.2568567097187042 0.32183152437210083 0.027773339301347733 0.39682695269584656 0.03652750328183174 0.2998981475830078 0.2115318477153778 0.20207653939723969 0.5305618643760681 0.1638251543045044 -0.032759618014097214 -0.25837740302085876 -0.529539942741394 0.6318536400794983 0.5774121880531311 0.06182970106601715 0.6416059732437134 0.3115750551223755 0.16155380010604858 -0.3304942548274994 0.3331441879272461 0.4044707715511322 0.04287353903055191 0.08972147852182388 
-0.2739482820034027 0.022590167820453644 -0.2510274648666382 -0.028118306770920753 -0.2134869545698166 0.21451106667518616 -0.1763802170753479 -0.06835170835256577 -0.04690943658351898 0.1050209254026413 0.044007495045661926 0.47726890444755554 -0.230965718626976 0.30661818385124207 0.0492415577173233 0.27059707045555115 -0.38476189970970154 0.007097046822309494 -0.11027286946773529 0.2059650868177414 -0.07474910467863083 -0.09249512106180191 0.40195316076278687 0.48982641100883484 0.031705692410469055 0.03205319121479988 -0.07889554649591446 -0.1323954164981842 -0.9512104988098145 0.25662800669670105 0.07728274166584015 -0.8741078972816467 
0.44790351390838623 0.20331129431724548 -0.096422478556633 0.4191190004348755 -0.24712148308753967 0.043753236532211304 0.010426109656691551 -0.23612241446971893 0.2548505663871765 0.010829567909240723 0.04352547973394394 0.1389625370502472 -0.14112448692321777 0.16459506750106812 0.08596211671829224 0.2500844895839691 0.27798953652381897 0.3235740065574646 -0.17226995527744293 -0.3411846160888672 0.2658888101577759 0.6703287959098816 0.4704093337059021 0.11733877658843994 -0.4319193661212921 0.6414703726768494 0.11219542473554611 -0.0011374782770872116 0.02367769554257393 0.24672800302505493 -0.10616865009069443 0.17674028873443604 
-0.1151207983493805 0.6875458359718323 -0.16700546443462372 0.017936289310455322 -0.09644892066717148 -0.23631003499031067 -0.3325338065624237 0.1570344865322113 -0.06929961591959 0.6986148953437805 0.27231070399284363 0.0002718232572078705 0.19838054478168488 0.6451680660247803 0.599683940410614 0.2941370904445648 -0.24998639523983002 0.38199135661125183 0.0013847239315509796 0.2792004942893982 0.18309085071086884 0.08878660947084427 0.5146544575691223 0.5762985348701477 0.08642236888408661 -0.21454234421253204 0.0863865315914154 0.1656707227230072 -0.9551228284835815 0.2927728593349457 0.1436784565448761 -0.24084559082984924 
0.5412111282348633 0.2975139915943146 -0.16522403061389923 0.4918875992298126 -0.22603480517864227 0.13567659258842468 -0.4165266156196594 0.0857696682214737 0.1528514325618744 0.1571504771709442 0.17171610891819 -0.10025008022785187 -0.4978995621204376 0.3238317668437958 0.06355169415473938 0.3220031261444092 0.8975064754486084 0.2815496027469635 -0.4215371608734131 0.027751881629228592 -0.1416023224592209 0.2991897165775299 0.12156257778406143 0.4053502082824707 -0.00021585635840892792 0.20128080248832703 0.20579110085964203 -0.3333534896373749 0.19808708131313324 -0.169860377907753 -0.37974387407302856 -0.09018830955028534 
-0.20441149175167084 0.7091379761695862 -0.019811740145087242 -0.03548407182097435 -0.6390372514724731 0.1514432728290558 -0.28485462069511414 -0.2855491638183594 0.34617170691490173 0.40720248222351074 0.5064343810081482 0.18869447708129883 0.009813312441110611 0.26333022117614746 0.08687404543161392 0.25400131940841675 -0.2023579478263855 -0.07738357782363892 -0.02955961599946022 0.14065609872341156 -0.046402234584093094 -0.12696672976016998 0.28821495175361633 0.0171402245759964 0.13019287586212158 -0.2996629476547241 -0.1579384207725525 -0.05938069522380829 -0.9630897641181946 0.5880988240242004 -0.007851271890103817 -0.515436053276062 
0.6612294912338257 -0.08864760398864746 0.028689078986644745 0.43529871106147766 0.22411032021045685 0.08108757436275482 -0.04267054796218872 0.24885563552379608 0.05289679020643234 0.23097850382328033 0.39062827825546265 0.03458629176020622 -0.19128920137882233 -0.1709791123867035 0.17310485243797302 0.14043885469436646 0.6440088152885437 -0.3128972351551056 -0.004561320878565311 -0.3290088474750519 0.1004679724574089 0.3632531464099884 -0.028896160423755646 0.14737781882286072 -0.02373996004462242 0.4637690782546997 0.6031405925750732 0.020291676744818687 -0.40877601504325867 0.10060377418994904 -0.27734634280204773 0.016449008136987686 
-0.38870400190353394 0.37868231534957886 -0.15987594425678253 -0.008896837010979652 -0.5270501971244812 -0.039919301867485046 -0.35979875922203064 -0.09931309521198273 0.03996347635984421 0.4238278865814209 0.13920190930366516 0.2704460620880127 0.12273353338241577 0.01234288141131401 0.3444484770298004 0.2537173926830292 -0.17089059948921204 -0.025833796709775925 0.027884043753147125 0.08478844165802002 -0.038261253386735916 -0.18033169209957123 0.6051782965660095 0.6005662679672241 -0.12415830790996552 -0.27498576045036316 0.12966085970401764 -0.17053917050361633 -0.8072605133056641 0.2584303319454193 0.34218478202819824 -0.4393661618232727 
0.5917652249336243 0.09407021105289459 -0.3380065858364105 0.46663612127304077 -0.1334836483001709 -0.18920831382274628 -0.3410361409187317 0.07892031967639923 -0.43584105372428894 0.3396669328212738 0.11229030042886734 0.0915975272655487 -0.5165683627128601 0.3577917516231537 0.22381067276000977 -0.36131590604782104 0.7909654378890991 -0.05899517983198166 0.24914062023162842 -0.5403130054473877 0.17602916061878204 0.5083866715431213 -0.13305410742759705 0.6306689977645874 0.08127158880233765 0.7620537281036377 0.16660597920417786 -0.10551668703556061 0.02284001186490059 0.30567312240600586 -0.057757940143346786 0.09370405972003937 
0.005492543801665306 0.5986111760139465 -0.29866310954093933 -0.13372167944908142 -0.015319476835429668 -0.1852577030658722 -0.13207510113716125 0.1885603368282318 0.15359622240066528 0.45416051149368286 0.2734244763851166 0.19776779413223267 -0.372417151927948 0.6726458072662354 0.24883076548576355 0.01412440650165081 0.05361715704202652 -0.03715748339891434 -0.18483692407608032 -0.10066895186901093 0.1388753205537796 0.08728114515542984 0.37890100479125977 0.6008559465408325 -0.17953592538833618 -0.14551806449890137 -0.028788719326257706 -0.05217817425727844 -0.8398075103759766 0.26491835713386536 0.20974543690681458 -0.5821706652641296 
0.4543272852897644 0.28231003880500793 -0.19667458534240723 0.17010843753814697 -0.10758358985185623 -0.10679986327886581 -0.2989678382873535 0.3186747431755066 -0.12071054428815842 0.5133057236671448 0.20865760743618011 0.05573340877890587 -0.09858208894729614 -0.043034061789512634 -0.28495097160339355 0.1881055384874344 -0.022785216569900513 -0.17725791037082672 0.08637773990631104 -0.0914720743894577 0.0810522586107254 0.20684245228767395 0.4404332637786865 0.03430979698896408 0.07066724449396133 0.46929603815078735 0.11534643918275833 -0.17081627249717712 0.0872083231806755 0.2650074064731598 -0.06608356535434723 -0.5065780878067017 
0.12562842667102814 0.24655286967754364 -0.3022293150424957 -0.1477188766002655 -0.740501344203949 -0.08241339027881622 -0.192950040102005 0.09957197308540344 0.25720933079719543 0.34678083658218384 0.5052202939987183 0.19243144989013672 -0.1442517638206482 0.4014061391353607 0.23187536001205444 0.06392794102430344 -0.082549549639225 -0.15520896017551422 0.07088330388069153 -0.03741174191236496 0.1659771353006363 0.07002749294042587 0.40547025203704834 0.49365442991256714 0.1088513433933258 -0.2896766662597656 0.004301775246858597 0.08667485415935516 -1.1325520277023315 0.3794954717159271 -0.18300634622573853 -0.7381837368011475 
0.8549127578735352 0.2251904308795929 -0.3599119186401367 0.7053378224372864 0.32983213663101196 0.08311294764280319 -0.3085590898990631 0.1917613297700882 -0.3081182837486267 0.1834893375635147 0.10600046813488007 0.33615848422050476 -0.028484810143709183 0.48745301365852356 0.33403804898262024 0.1425146609544754 0.4930574297904968 -0.24063913524150848 0.46343451738357544 0.129929780960083 0.0015214541926980019 0.18223880231380463 0.5763099193572998 0.16364862024784088 0.18245743215084076 0.7669381499290466 0.2276400625705719 -0.1771051585674286 -0.07471175491809845 0.27094894647598267 0.5523399710655212 -0.042429108172655106 
-0.049826547503471375 0.39233583211898804 0.08210692554712296 0.24952435493469238 -0.24824289977550507 0.10499066114425659 -0.47848233580589294 0.012738890945911407 0.11002231389284134 0.36157846450805664 0.5055338144302368 -0.3519853949546814 -0.24213166534900665 0.4191730320453644 0.1815122365951538 -0.11660002917051315 0.12531188130378723 0.09312021732330322 -0.1457137167453766 0.1917688399553299 0.16273067891597748 0.0947292298078537 0.5366420149803162 0.41902080178260803 -0.07481686025857925 -0.2137986272573471 0.026356874033808708 -0.03459060192108154 -0.6775479316711426 0.28902679681777954 0.2950229048728943 -0.7265877723693848 
0.21424733102321625 0.7974219918251038 -0.02135895937681198 0.8171072006225586 0.09858451038599014 -0.27080902457237244 -0.012347268871963024 0.6476600170135498 -0.6930749416351318 0.10392642766237259 0.4049217998981476 -0.14569894969463348 -0.14499500393867493 0.3648892641067505 0.3580876588821411 0.24120697379112244 0.8625860214233398 0.4097428023815155 -0.2806823253631592 -0.2831352949142456 -0.2500309348106384 0.07239353656768799 0.3450167179107666 0.5495602488517761 0.1909414678812027 0.5301604270935059 0.8095372915267944 0.00042032450437545776 0.3719320595264435 0.37786751985549927 0.10682211071252823 0.061412911862134933 
0.021270139142870903 0.5476271510124207 -0.34690114855766296 -0.12927788496017456 -0.257627934217453 -0.46740034222602844 0.17050006985664368 0.0895920991897583 0.12411067634820938 0.38245564699172974 0.15673810243606567 0.07043473422527313 0.05300328508019447 0.598953366279602 0.7392463684082031 0.12098395824432373 -0.1390174925327301 -0.04674874246120453 -0.1458010971546173 0.12213237583637238 0.08515600115060806 0.062198884785175323 0.587157666683197 0.3623678386211395 -0.0728977620601654 -0.0955040454864502 -0.24640636146068573 -0.3460986018180847 -1.0408276319503784 0.537808895111084 0.3711177706718445 -0.3111865818500519 
0.2618185877799988 0.2103550136089325 0.09006015956401825 0.6165551543235779 0.0027830475009977818 0.002766527235507965 0.3222289979457855 0.637401819229126 -0.4327375888824463 0.3875974118709564 0.2898447811603546 0.21718235313892365 0.3183847963809967 0.35632577538490295 0.7684330344200134 0.7432330250740051 0.5605100989341736 0.2525177001953125 -0.8420925140380859 0.030164038762450218 0.8115728497505188 -0.003649042919278145 0.4384380578994751 0.5247013568878174 0.5565184950828552 0.598285436630249 0.5565783977508545 0.058375224471092224 0.2184647172689438 0.14640934765338898 -0.2630573809146881 0.38095322251319885 
-0.1830841600894928 0.2871387302875519 0.0053713079541921616 -0.5061596632003784 -0.19485223293304443 -0.11272059381008148 0.12228222191333771 0.011379091069102287 0.2965485155582428 0.29183676838874817 0.2132393717765808 0.36170610785484314 -0.5594613552093506 0.37302836775779724 0.024296116083860397 -0.00045644305646419525 0.3437933623790741 0.03621770441532135 0.12953491508960724 -0.1790929138660431 -0.11136886477470398 0.06723621487617493 0.45600682497024536 0.5089718103408813 -0.02571350522339344 0.1276891827583313 0.1241999939084053 -0.3924528956413269 -0.8258551955223083 0.43927001953125 0.31497442722320557 -0.6137132048606873 
3.0523102283477783 -2.040079355239868 -2.829730749130249 3.258561849594116 0.05903574824333191 0.37925806641578674 -2.37618088722229 3.3159549236297607 2.3820443153381348 -1.9591604471206665 -1.9132736921310425 3.6856701374053955 -1.5609266757965088 -2.432807683944702 -1.4709688425064087 -1.1695290803909302 -2.160991668701172 2.299165964126587 2.886881113052368 2.5827908515930176 3.3376502990722656 2.738766670227051 -2.3561172485351562 -2.160889148712158 3.248868942260742 3.2762651443481445 3.179908514022827 -0.9200212359428406 1.142255187034607 -2.264030933380127 2.2698214054107666 1.3648533821105957 
-0.09469274431467056 0.2985721528530121 -0.49318552017211914 -0.2841145396232605 -0.296440452337265 0.15720222890377045 0.06999261677265167 0.06602033227682114 0.1694120466709137 0.39721885323524475 0.5601422786712646 -0.13412527740001678 -0.022082539275288582 0.3019009530544281 0.22293274104595184 0.08074673265218735 -0.07806368917226791 -0.17266397178173065 0.12711773812770844 0.4310000538825989 0.007587343454360962 0.03223511576652527 0.2717941403388977 0.379151850938797 0.05458857864141464 -0.030932197347283363 -0.03615902364253998 0.0020995736122131348 -0.9946791529655457 0.3479703664779663 0.3556656837463379 -0.30876874923706055 
policy_fc_last
32 1
-1.095361351966858 
2.0769104957580566 
1.7293051481246948 
-2.3746402263641357 
-0.5914270877838135 
-0.004917921032756567 
1.8449437618255615 
-1.268305778503418 
-1.528805136680603 
2.1608688831329346 
0.7895863652229309 
-4.103919982910156 
0.6958538889884949 
1.5659037828445435 
0.3689628839492798 
0.1728145331144333 
1.010481834411621 
-2.142568349838257 
-2.046738386154175 
-2.971132516860962 
-2.3274013996124268 
-2.2477400302886963 
1.4273172616958618 
0.9038100242614746 
-1.7495728731155396 
-2.2497096061706543 
-1.7343146800994873 
0.7349188923835754 
-2.545588731765747 
1.1142029762268066 
-1.5219413042068481 
-2.091136932373047 
vf_fc_last
10 1
-1.4384993314743042 
-0.3895350694656372 
0.8182324767112732 
1.405078649520874 
0.8612788915634155 
2.2021877765655518 
2.7048826217651367 
2.2688827514648438 
1.6166133880615234 
2.7666988372802734 
vf_fc_last_bias
1 1
2.7666988372802734 
