fc1
4 8
3.4534239768981934 -20.719133377075195 3.209610939025879 -0.20772463083267212 -0.33971863985061646 -1.3455199003219604 3.123192310333252 3.3135838508605957 
1.8838438987731934 -11.187097549438477 1.9018601179122925 -0.48583680391311646 -0.7309324741363525 -0.956981360912323 1.9518091678619385 2.1321284770965576 
5.911677837371826 7.74041223526001 5.422694683074951 -1.3019684553146362 -1.902618169784546 -0.7689110636711121 5.563924312591553 5.117707252502441 
27.994253158569336 31.35931396484375 27.41951560974121 -1.0661795139312744 -0.4580807089805603 -0.4805033206939697 27.372150421142578 27.735919952392578 
policy_fc_last
8 1
-12.443222999572754 
-42.50656509399414 
-11.96607780456543 
-0.8436510562896729 
0.23029053211212158 
0.20237982273101807 
-11.916535377502441 
-12.184499740600586 
vf_fc_last
10 1
22.46947479248047 
17.177200317382812 
14.254284858703613 
13.351899147033691 
11.968767166137695 
11.285503387451172 
11.277894973754883 
10.63821029663086 
10.530144691467285 
11.14451789855957 
vf_fc_last_bias
1 1
11.14451789855957 
